2 1 1 11
2 1 3 11
2 3 1 11
3 4 2 12
3 4 4 12
3 4 1 12
3 4 3 12
2 3 2 13
2 3 4 13
3 1 2 14
3 1 4 14
3 1 1 15
3 1 3 15
2 2 2 16
2 2 4 16
3 3 2 17
3 3 4 17
3 3 1 17
3 3 3 17
4 1 2 18
4 1 4 18
1 2 2 19
1 2 4 19
1 2 1 19
1 1 1 20
1 1 3 20
2 2 1 21
2 2 3 21
4 2 2 21
4 2 4 21
4 2 1 21
4 2 3 21
1 1 2 22
1 1 4 22
4 4 2 23
4 4 4 23
4 4 1 23
4 4 3 23
4 1 1 24
4 1 3 24
4 3 2 25
4 3 4 25
4 3 1 25
4 3 3 25
1 3 1 25
1 3 3 25
2 4 2 26
2 4 4 26
2 4 1 26
2 4 3 26
1 3 2 26
1 3 4 26
1 4 2 27
1 4 4 27
1 4 1 27
1 4 3 27
3 2 2 28
3 2 4 28
3 2 1 28
3 2 3 28
2 1 2 29
2 1 4 29